      -27.986486486486480
      -32.386486486486580
      -12.186486486486520
      -13.686486486486520
      -11.486486486486480
      -29.486486486486480
      -33.086486486486390
      -58.286486486486450
      -40.586486486486620
      -18.886486486486340
      -52.786486486486450
       28.513513513513520
       12.813513513513480
       29.913513513513380
       -5.186486486486306
      -16.986486486486480
       -3.986486486486484
   7.135135135133339E-001
      -31.786486486486440
      -15.086486486486390
      -34.486486486486480
      -24.286486486486430
       26.013513513513520
  -4.864864864864842E-001
      -19.086486486486620
      -50.086486486486390
      -67.586486486486620
      -44.886486486486350
      -33.086486486486620
      -14.886486486486340
        4.413513513513372
       21.513513513513520
       -3.286486486486211
       -7.886486486486575
      -24.486486486486480
      -43.486486486486480
      -19.586486486486390
      -37.986486486486480
       -2.686486486486757
      -21.286486486486220
      -39.786486486486670
      -15.486486486486480
      -62.286486486486670
      -94.186486486486300
      -23.386486486486580
       11.313513513513700
       12.813513513513240
       10.513513513513520
       23.313513513513700
      -35.986486486486480
      -27.386486486486580
       15.313513513513700
      -47.486486486486480
      -30.986486486486480
      -65.586486486486390
      -21.586486486486840
        7.413513513513607
        4.113513513513425
       14.313513513513700
        7.513513513513516
       -6.686486486486306
      -10.586486486486840
      -26.586486486486390
       -6.286486486486215
       -2.586486486486841
       15.613513513513870
      -15.486486486486480
       26.913513513513160
       -3.486486486486484
        3.013513513513516
      -30.186486486486300
       37.513513513513520
        4.613513513513425
       23.013513513513520
       34.913513513513610
       42.113513513513430
      -23.786486486486220
      -16.086486486486840
       -6.986486486486484
       -6.286486486486215
      -38.686486486486760
      -10.086486486486390
      -11.786486486486220
       32.413513513513150
       23.113513513513870
      -10.886486486486580
      -21.286486486486670
       18.113513513513430
      -27.586486486486390
      -16.286486486486220
      -52.986486486486480
      -40.186486486486760
      -27.686486486486300
       -5.086486486486393
      -76.686486486486760
       67.713513513513820
      -14.486486486486480
      -10.386486486486580
      -25.186486486486750
       38.213513513513790
       50.613513513513430
        4.713513513513334
       32.013513513513520
       70.313513513513710
        7.313513513513698
      -46.286486486486670
       -1.486486486486484
      -60.386486486486120
      -27.586486486486850
      -85.986486486486480
      -64.486486486486480
      -93.886486486486580
  -4.864864864864842E-001
       36.813513513513240
       22.313513513513700
       61.513513513513520
        1.013513513513516
      -15.186486486486310
   4.135135135131591E-001
       23.213513513514240
       42.313513513512790
       44.513513513513520
      -35.786486486485760
      -16.586486486486840
      132.813513513513700
       13.813513513513700
       35.213513513513330
      -22.186486486486300
      -26.286486486486670
       10.313513513513700
      -20.186486486487210
      -18.586486486485940
     -142.286486486486700
      -47.186486486486300
       39.013513513513520
       64.113513513513010
      -74.286486486485760
       26.413513513513160
      -89.686486486486300
     -123.386486486487000
       -8.486486486486484
      -69.486486486486480
      -34.586486486485940
       20.713513513513330
       84.713513513513320
       55.713513513513330
       72.113513513513920
       74.613513513513920
       55.713513513513330
       10.813513513513700
   1.351351351351582E-002
        1.213513513513334
       10.613513513512960
       41.713513513514240
       15.013513513513520
       11.713513513513330
      -21.386486486487030
       21.113513513513870
      -13.286486486486660
        9.913513513514069
       32.213513513513330
       14.013513513513520
       72.313513513513710
       11.913513513513160
       34.813513513513700
       -6.786486486486663
       49.413513513513150
       42.213513513514240
       -1.886486486487037
       -2.286486486486666
       -5.986486486486484
       44.213513513514240
      -18.786486486486660
      -54.186486486486300
      -65.286486486486670
      -81.886486486487030
      -11.286486486485750
      -23.386486486487030
        8.713513513513334
       25.713513513514240
       26.713513513513330
       13.513513513513520
       55.813513513513700
      -30.186486486487210
  -8.864864864861275E-001
   4.135135135131591E-001
       53.713513513514240
       31.713513513513330
       60.513513513513520
        2.813513513513698
       54.913513513513150
       -1.786486486486666
      -17.586486486485940
        7.713513513513334
       36.913513513513150
       21.913513513514070
       81.313513513512820
       -2.886486486486128
       58.413513513513150
       41.213513513514240
       84.513513513513520
       43.513513513513520
       15.813513513512790
       92.513513513513520
        7.313513513514607
       32.913513513513150
      108.413513513513100
       57.513513513513520
       10.313513513512790
       68.613513513513920
      128.713513513514200
       12.613513513513870
       77.313513513512820
      -30.786486486485760
  -1.864864864872118E-001
      -68.286486486485760
      -53.386486486487940
      -60.486486486486480
       47.713513513514240
       48.013513513513520
      -26.786486486485760
       65.213513513512410
