0.875945644990087
0.502476164922335
0.34337203471825
0.174089171218335
0.218801367000358
0.010242833298264
-0.416729896941582
-0.621128337268341
-0.656623989679485
-0.812638794236795
-0.905671594814166
-0.79481445139523
-1.0337031896081
-0.749997209987729
-0.967213966777651
-0.952416421726613
-1.12837771224208
-0.938397037595678
-1.44590256794699
-1.79333113525805
-1.61693317985637
-0.729365957769851
-0.640899558195297
-0.949804717127549
-1.18054755087557
-1.31086963918735
-1.33352812246333
-1.22328992433342
-0.822080039384568
-0.921356550111917
-0.73865747956424
-1.34487477377906
-1.92642661324392
-1.49162158485117
-1.63117893500373
-1.38330544002943
-1.64795674806175
-1.24443308219
-1.26495937582496
-1.10084264898844
-1.07222888255365
-0.589246411252712
-1.08782822297298
-1.0687997061941
-1.22519135663074
-1.41620606264973
-0.556392637195945
-0.689362135159228
-0.712525474353764
-0.717071072146772
-0.427237014534604
-0.4318326201882
-0.32853376408897
-0.515067385573156
-0.391569305677679
0.281778704457885
0.313143343236451
0.151517014267083
-0.0649287538894159
0.237291116493441
-0.326866409338672
0.342659247970662
0.381692674983949
0.347830629972846
1.12561387717535
1.01439736221657
1.0882572878742
1.26943058233747
0.945647488772074
0.931439475182747
1.05613260002331
0.949286350545075
0.960797202192496
0.536588557316737
0.951652347969891
1.12482195987455
0.654049012146646
0.868675078684636
0.828690503100397
1.17297240316943
1.00879697875827
1.35943705685383
1.43058994766823
1.60342719357847
1.81851925989647
1.36432209455135
1.48664656564251
1.17335602836371
1.19820340806569
1.53556135513006
1.43124974507874
1.79129259895853
1.38834766045699
1.33409567420059
2.07931114022979
2.06665539873502
1.16017830023492
1.48540566454054
1.73964389565857
1.22643343800694
