-0.782459117145636
-0.53087183126664
-0.386325465457954
-0.685657817245552
-1.26013759056667
-1.63085596197342
-1.83920238728769
-2.29187870494469
-1.98871827664485
-1.86039589135521
-1.14303925044728
-0.424367961514518
-0.135306053749504
0.2512215737502
-0.264253725218042
-1.01022270131779
-0.735682273885348
-1.19408293197372
-1.80118123443763
-1.73635035046709
-1.48570397740075
-1.20424158201872
-0.677843106862025
-0.358424247378184
-0.0183243364752521
0.108888195142532
-0.185376113586006
-0.112682678511678
-0.777209045850758
-1.04929218155992
-1.59629780740769
-1.7154644798569
-1.38972048902474
-1.06557796542941
-0.334284229460984
0.0268416097326756
0.342259185512082
0.0889989816633996
0.0348281840708387
-0.0777943060398016
-0.588167900424688
-0.686302484487803
-0.944922168981875
-1.36750195041866
-0.959892350156999
-0.512149774463816
-0.233590894953914
0.463415917907749
0.693020326984226
0.643584631383028
0.624833502309217
0.179179768295824
-0.345210713284192
-0.599116178653233
-0.926487913073974
-1.07595763402355
-0.543267793288261
-0.466885356354236
0.453002374551868
0.377213239084748
0.854943503904724
1.14398663965451
1.21572436821592
0.457186985473885
-0.157546578501848
-0.264703667645349
-0.914796354636399
-0.807049344915909
-0.557976186572009
0.0137080389256299
0.477475817690591
0.678256691137738
1.17513837579973
1.05693639343111
1.0950449230829
0.998541529408217
0.270780222852203
-0.206675403912924
-0.514189845519086
-0.372336194589095
-0.109403130089599
0.385146528523207
0.484682969323167
0.965086279280743
1.15026182167379
1.65712657217246
1.22091357500956
0.822314621190789
0.886414565637238
0.251806101073982
-0.0382070657547333
-0.425094019497762
-0.0200750888244905
0.349493265174097
0.530444182369412
1.14800442484096
1.44554229663514
1.7173855670089
1.30629361977087
1.35682592614683
1.07232378514434
0.305660780518395
0.0842743826009269
0.100777903965575
0.376101397991682
0.606242374715542
1.05353398319979
1.35942237291628
1.73132290088724
1.98808805249586
2.04561705670624
1.52295518509851
0.78807236387721
0.687894949940638
0.32553038323407
0.220516270361804
0.373709464343905
0.606347255083338
1.17677195687396
1.55881595103444
